Employee_ID,Phone_Number
1,6672432653
2,3705417902
3,8253262914
4,5751513925
5,9987403853
6,9361299896
7,8525608524
8,3102125378
9,3378735783
10,4798798170
11,3085049311
12,4047805821
13,3637829479
14,3492551484
15,1161767470
16,8826334484
17,4122071646
18,8842499530
19,2353760944
20,7248524446
21,6979931078
22,6167810945
23,9684839420
24,8753584465
25,4801461997
26,4431550603
27,7638107597
28,7769483655
29,3482432020
30,5776494002
31,8272464278
32,3956853817
33,5899819015
34,3873508435
35,2761255326
36,9461303216
37,3643962205
38,6862407797
39,8981270187
40,2998425400
41,9595896477
42,6121875030
43,3872029774
44,8752130782
45,7475952930
46,1894325972
47,7702071646
48,9623972527
49,7169789814
50,5505666381
51,5717445949
52,9981095832
53,8199274022
54,6068527795
55,4606015926
56,4632370737
57,5539002665
58,8608329834
59,9709679316
60,6074701430
61,3592749180
62,2474057950
63,5647930984
64,1451012784
65,4254368142
66,4429264804
67,4173637568
68,5753633688
69,4111749572
70,9151812151
71,2285715423
72,8464793646
73,8692299285
74,3258764161
75,9985370663
76,3878846727
77,9072841157
78,7776083950
79,4873867873
80,4041609735
